#Dijkstra Algorithm
#n time_s_avg time_s_std qnt_vertices qnt_arestas_avg (for 3 trials)
10 0.00011495466666625968 1.0363150166441535e-05 10 90.0
60 0.0008299243327201111 0.0001417342950503738 60 3540.0
110 0.00700776366708548 0.004176890228744375 110 11990.0
160 0.006724364000547212 0.0012889138961865105 160 25436.0
210 0.01487733366654235 0.0048027656225890294 210 43884.0
260 0.03164499166693228 0.002406218903139012 260 67334.0
310 0.043653874000180316 0.0005583863312392124 310 95784.0
360 0.06884233466674534 0.003936099917025065 360 129232.0
410 0.09661891733291365 0.00519857453544188 410 167676.0
460 0.08764359500006928 0.0021397367849124945 460 211122.0
510 0.12597541799974957 0.00740922702226366 510 259568.0
560 0.1419576190007016 0.0166262895220794 560 313014.0
610 0.16723695766631863 0.025752572195653863 610 371458.0
660 0.21530226133351485 0.009389009706099181 660 434904.0
710 0.2860396553339039 0.038244442217469234 710 503352.0
760 0.22098527233356435 0.014946155455870802 760 576794.0
810 0.23475095466710627 0.022977835825245943 810 655236.0
860 0.2711520866663098 0.03296223478071208 860 738678.0
910 0.3266889453334443 0.06046155460229437 910 827116.0
960 0.33795418699992297 0.033929209054806925 960 920554.0
